0
1
0
1
0,1
[0] [-2,22044604925031E-16] [-2,22044604925031E-16] [-3,10862446895044E-15] [6,66133814775094E-16] [10] [2,22044604925031E-16] [-5,99520433297585E-15] [3,5527136788005E-15] [-1,55431223447522E-15] [2,1127847735225E-15] 
[0] [-0,0256038552056441] [0,0678225173458797] [-0,179660659895024] [1,37912764278769] [7,50532369609568] [1,37912764278769] [-0,179660659895026] [0,0678225173458809] [-0,0256038552056437] [-3,20805268229298E-16] 
[0] [-0,0178780577611765] [0,0455360995239917] [-0,0599213490238357] [2,01782056776729] [6,02089367013265] [2,01782056776729] [-0,0599213490238373] [0,0455360995239913] [-0,0178780577611756] [-1,03317596193392E-15] 
[0] [-0,00857540012287961] [0,0231011493854323] [0,145532749058242] [2,29881917559072] [5,0783043438925] [2,29881917559072] [0,145532749058241] [0,0231011493854316] [-0,00857540012287827] [-1,12682707559953E-15] 
[0] [-0,00321419361952247] [0,02359937344663] [0,353562998773731] [2,40492597437892] [4,44063277332088] [2,40492597437892] [0,35356299877373] [0,0235993734466295] [-0,00321419361952136] [-1,02973929095891E-15] 
[0] [0,000118698089047631] [0,0468647817502348] [0,535959490293452] [2,42484026535055] [3,98381091654901] [2,42484026535055] [0,535959490293451] [0,0468647817502343] [0,000118698089048741] [-8,94959670692989E-16] 
[0] [0,0042255868035399] [0,0864705897685816] [0,686632997528101] [2,40236415032288] [3,64018881766019] [2,40236415032288] [0,6866329975281] [0,0864705897685809] [0,00422558680354079] [-7,68823635701409E-16] 
[0] [0,0109813927297949] [0,135746598465693] [0,807652792214339] [2,3595256250897] [3,37119200555929] [2,3595256250897] [0,807652792214338] [0,135746598465692] [0,0109813927297958] [-6,59668686694437E-16] 
[0] [0,0211686088852753] [0,189486989144095] [0,903498214327047] [2,30759079017147] [3,15377054231155] [2,30759079017147] [0,903498214327047] [0,189486989144095] [0,0211686088852761] [-5,64562462387686E-16] 
[0] [0,0347723572325258] [0,244104080779142] [0,978833946291557] [2,25239423274473] [2,97349660796174] [2,25239423274473] [0,978833946291557] [0,244104080779142] [0,0347723572325266] [-4,78829113603269E-16] 
[0] [0,0513153993848026] [0,29731976858886] [1,03775792892586] [2,19696889199022] [2,82093478379325] [2,19696889199022] [1,03775792892586] [0,29731976858886] [0,0513153993848032] [-3,98857172069999E-16] 
