0
10
0
1
0,1
[0] [1,11022302462516E-16] [2,22044604925031E-16] [4,88498130835069E-15] [10] [6,66133814775094E-16] [-4,44089209850063E-16] [4,21884749357559E-15] [-2,88657986402541E-15] [1,11022302462516E-16] [-4,96093344164975E-15] 
[0] [0,0540281322104913] [-0,171816897735435] [1,3747789068311] [7,5072795187889] [1,37912764278769] [-0,181616482588242] [0,0721712533024752] [-0,0334476173652327] [0,0137943851353887] [-2,50620430914362E-15] 
[0] [0,0356792711002666] [-0,0542528875216015] [2,01465901167831] [6,02231982211334] [2,01782056776729] [-0,061347501004525] [0,0486976556129743] [-0,0235465192634097] [0,00985682842372559] [-1,46064046461947E-15] 
[0] [0,0181149647041793] [0,148477118908919] [2,29715359012227] [5,07906101722978] [2,29881917559072] [0,144776075720963] [0,0247667348538838] [-0,0115197699735554] [0,004986184681253] [-9,809497345589E-16] 
[0] [0,021472448456679] [0,354867608830527] [2,404172115272] [4,44097897762289] [2,40492597437892] [0,35321679447172] [0,0243532325535474] [-0,00451880367631796] [0,00212692498995137] [-7,31595536931857E-16] 
[0] [0,0460352595301365] [0,536481841579986] [2,42453044845381] [3,98395514836511] [2,42484026535055] [0,535815258477355] [0,0471745986469776] [-0,000403653197486253] [0,000829522220098355] [-5,81224857138953E-16] 
[0] [0,0860708917590786] [0,686826734053336] [2,40224533328295] [3,64024497125985] [2,40236415032288] [0,686576843928437] [0,0865894068085109] [0,00403185027830455] [0,000399698009503457] [-4,78426223983421E-16] 
[0] [0,135200910867718] [0,807713026570434] [2,35948229351644] [3,37121276002835] [2,3595256250897] [0,807632037745278] [0,135789930038958] [0,0109211583736997] [0,000545687597974354] [-4,02194436710812E-16] 
[0] [0,188178941563726] [0,903480739830658] [2,30757496170564] [3,15377789948514] [2,30759079017147] [0,903490857153451] [0,189502817609924] [0,0211860833816648] [0,00130804758036918] [-3,42845492973239E-16] 
[0] [0,241230840541428] [0,978706811858423] [2,252385459066] [2,97349908047449] [2,25239423274473] [0,978831473778815] [0,244112854457871] [0,0348994916656602] [0,00287324023771474] [-2,9497910993416E-16] 
[0] [0,291884242070049] [1,03741264919931] [2,19695370174005] [2,82093531286126] [2,19696889199022] [1,03775739985785] [0,297334958839028] [0,0516606791113512] [0,00543552651881085] [-2,5501375681227E-16] 
[0] [0,338668253418554] [1,08288667361336] [2,14283208936962] [2,6896633214167] [2,14287180854408] [1,08363786613948] [0,347834476508797] [0,070864020774278] [0,00912650391577796] [-2,20356191324551E-16] 
[0] [0,380826007447884] [1,11773551706977] [2,09077313196202] [2,57515606674029] [2,09086811257543] [1,11915944844254] [0,394914536791453] [0,0918614961080948] [0,0139935487301569] [-1,89105263370551E-16] 
[0] [0,418082921394289] [1,14400164265488] [2,04109270446289] [2,47412348374532] [2,04129233636892] [1,14643802813015] [0,438288130441577] [0,114048452373291] [0,0200055771412523] [-1,59908090299023E-16] 
[0] [0,45047450248891] [1,16328409830556] [1,99386707421841] [2,38411009448093] [1,99424363792271] [1,16713377873816] [0,477921663258307] [0,136901184510638] [0,0270705970650959] [-1,31852632280109E-16] 
[0] [0,478224504724548] [1,17684142409073] [1,94904253306566] [2,30324061156486] [1,94969342709436] [1,18255044326398] [0,513931295874818] [0,159987133471925] [0,0350558971215658] [-1,04370572985144E-16] 
[0] [0,501661683980259] [1,18567282772824] [1,90649775286342] [2,23005388673084] [1,90754566967232] [1,19371528950117] [0,546515907563661] [0,182961027286154] [0,043806306774498] [-7,71497397978906E-17] 
[0] [0,521164611829366] [1,19057988828452] [1,86607979267758] [2,16339139824713] [1,86767104863958] [1,20144147986143] [0,57591462759072] [0,205554822156136] [0,0531587597993496] [-5,00593127751417E-17] 
[0] [0,537126214352625] [1,19221265137025] [1,82762498985017] [2,10232045293022] [1,82992639625892] [1,20637602104097] [0,602380521252543] [0,227565754695191] [0,0629529004911709] [-2,30895008241412E-17] 
[0] [0,549931847157113] [1,19110385640056] [1,7909709539486] [2,04608009399582] [1,79416569259319] [1,20903642856346] [0,626164759584895] [0,248844679458773] [0,0730381737831918] [3,69470052235846E-18] 
[0] [0,559946475885617] [1,18769438044247] [1,7559632190772] [1,99404222042195] [1,76024617670857] [1,20983875532422] [0,647507521200626] [0,269285651010859] [0,0832780876836455] [3,01873658685498E-17] 
[0] [0,567507864809366] [1,18235226593373] [1,72245865070652] [1,94568311511521] [1,72803160444946] [1,20911907880521] [0,666633170292983] [0,28881705835764] [0,0935523517406787] [5,62653425860937E-17] 
[0] [0,572923644947329] [1,17538708269808] [1,69032687679035] [1,90056223179159] [1,69739383654778] [1,20715005102167] [0,683748112795035] [0,307394295600092] [0,103757508090274] [8,18040509894657E-17] 
[0] [0,576470818998788] [1,1670608929979] [1,65945052915716] [1,85830613219712] [1,66821345383253] [1,20415372017142] [0,699040295429629] [0,324993810389951] [0,113806551755469] [1,06687385329507E-16] 
[0] [0,578396737549397] [1,15759673016199] [1,62972478896283] [1,8185961371937] [1,64037981287712] [1,20031152849756] [0,712679679936108] [0,341608325307444] [0,123627918472414] [1,308133686351E-16] 
[0] [0,578920908918674] [1,14718524202547] [1,60105654864604] [1,78115869729754] [1,61379078835748] [1,19577216145352] [0,724819264481806] [0,357243027879976] [0,133164115851691] [1,54096857441261E-16] 
[0] [0,578237228171473] [1,13598996549004] [1,57336338781109] [1,74575778413433] [1,58835234895141] [1,19065775236088] [0,7355963805661] [0,371912546045694] [0,142370191254307] [1,76470274456339E-16] 
[0] [0,576516361386089] [1,12415156761614] [1,54657248637508] [1,71218880530267] [1,56397805399858] [1,18506882014023] [0,745134095584633] [0,385638553606115] [0,151212166575041] [1,97883084591413E-16] 
[0] [0,573908121998182] [1,11179129624336] [1,52061955015467] [1,68027368356456] [1,54058852224005] [1,17908822406975] [0,753542617491936] [0,398447877892993] [0,159665523408375] [2,18300523265062E-16] 
[0] [0,570543742773442] [1,09901381782221] [1,49544779267639] [1,64985683778442] [1,51811090228909] [1,1727843502569] [0,760920640950716] [0,410371006610715] [0,16771378856458] [2,37701929146702E-16] 
[0] [0,566537990647397] [1,08590957380363] [1,47100699661295] [1,62080187110335] [1,49647836140985] [1,16621369314812] [0,767356601993088] [0,421440911691041] [0,175347246548794] [2,56078917756292E-16] 
[0] [0,561991099815992] [1,07255675386149] [1,4472526651674] [1,59298882039111] [1,47562960131683] [1,15942295718664] [0,772929825790144] [0,431692125041145] [0,182561789824722] [2,73433548842444E-16] 
[0] [0,556990516190988] [1,05902296043059] [1,42414526550508] [1,5663118560497] [1,45550840501051] [1,15245077516621] [0,7777115630841] [0,441160014707821] [0,18935790738768] [2,89776581511188E-16] 
[0] [0,551612457135464] [1,0453666217646] [1,40164956134593] [1,54067734680627] [1,43606321589443] [1,14532911836275] [0,781765917461896] [0,449880220771087] [0,195739805777936] [3,05125870351719E-16] 
[0] [0,545923296628564] [1,03163819803389] [1,37973402898272] [1,51600222300462] [1,41724674882042] [1,13808445729248] [0,78515066945073] [0,457888218760208] [0,20171465298446] [3,19504928337956E-16] 
[0] [0,539980789269511] [1,01788121556218] [1,35837034954413] [1,49221258600056] [1,39901563182037] [1,130738719582] [0,787918005396189] [0,465218985030826] [0,207291933850442] [3,32941664293083E-16] 
[0] [0,533835147890454] [1,00413315721513] [1,33753296977604] [1,46924252192082] [1,38133007682296] [1,12331008195026] [0,790115159906697] [0,471906743749615] [0,212482904969328] [3,45467291371986E-16] 
[0] [0,52752998972208] [0,990426231556289] [1,31719872363152] [1,44703308619455] [1,36415357745092] [1,1158136259657] [0,791784980753413] [0,477984779221323] [0,217300137211931] [3,57115396283763E-16] 
[0] [0,52110316552035] [0,976788039219635] [1,2973465073138] [1,42553143157259] [1,34745263194127] [1,10826188152223] [0,79296642479212] [0,48348530051304] [0,2217571346443] [3,67921155359903E-16] 
[0] [0,514587485129186] [0,963242151691844] [1,27795700095632] [1,40469005728601] [1,3311964892656] [1,10066527748043] [0,793694992911996] [0,488439347876964] [0,225868019473527] [3,77920682019708E-16] 
[0] [0,508011351824655] [0,949808615120533] [1,25901243075142] [1,38446616090102] [1,31535691660944] [1,09303251535766] [0,794003111337618] [0,492876732496129] [0,229647273654936] [3,87150489954514E-16] 
[0] [0,501399316589343] [0,936504389702204] [1,24049636599197] [1,3648210775499] [1,29990798647594] [1,08537087910444] [0,79392046589214] [0,496826002692925] [0,233109528818821] [3,95647056936044E-16] 
[0] [0,494772562280247] [0,92334373353477] [1,2223935461288] [1,34571979373736] [1,28482588179576] [1,07768649171516] [0,793474295118918] [0,500314431036374] [0,236269397171712] [4,03446475204595E-16] 
[0] [0,488149326525933] [0,910338538456114] [1,20468973354881] [1,32713052497334] [1,27008871754342] [1,06998452756669] [0,792689647483509] [0,503368017829036] [0,239141336962959] [4,10584175677944E-16] 
[0] [0,481545271144025] [0,897498624266575] [1,18737158833206] [1,30902434816611] [1,25567637747611] [1,06226938786671] [0,791589607253024] [0,506011507300485] [0,241739546964946] [4,17094714590865E-16] 
[0] [0,474973804919453] [0,884831996800048] [1,17042656174623] [1,29137488110029] [1,24157036472138] [1,05454484535497] [0,790195493081803] [0,508268413522091] [0,244077885187196] [4,23011612532766E-16] 
[0] [0,468446365730014] [0,872345074528124] [1,15384280568156] [1,27415800248027] [1,22775366504385] [1,04681416337994] [0,788527032822901] [0,510161053618888] [0,246169807730598] [4,28367237140188E-16] 
[0] [0,461972667246042] [0,860042887725446] [1,13760909562313] [1,25735160698533] [1,21421062171788] [1,03908019362962] [0,786602517632152] [0,511710586313225] [0,248028324291359] [4,3319272189035E-16] 
[0] [0,455560914759641] [0,847929253669563] [1,12171476510057] [1,24093539059432] [1,20092682102241] [1,03134545609411] [0,784438938032197] [0,512937054211178] [0,249665967350723] [4,37517914517077E-16] 
[0] [0,449217994108928] [0,83600693087748] [1,10614964985542] [1,22489066212104] [1,18788898745702] [1,0236122042544] [0,7820521042535] [0,513859428551699] [0,251094772542976] [4,41371349527762E-16] 
[0] [0,442949637146248] [0,824277754979434] [1,09090404022505] [1,20920017748033] [1,17508488785408] [1,01588247800419] [0,779456752863143] [0,514495655392504] [0,252326268087859] [4,44780240142474E-16] 
[0] [0,436760566748505] [0,812742758486947] [1,07596864046594] [1,19384799369545] [1,16250324363149] [1,00815814640427] [0,776666641425509] [0,51486270241559] [0,253371471511452] [4,47770485711075E-16] 
[0] [0,430654623975277] [0,801402276417555] [1,0613345339313] [1,17881934007499] [1,1501336504946] [1,00044094202711] [0,773694632707234] [0,514976605707103] [0,25424089216866] [4,50366691300185E-16] 
[0] [0,424634879639094] [0,790256039485212] [1,04699315318272] [1,16410050434355] [1,13796650495459] [0,992732488362809] [0,770552769737755] [0,51485251600739] [0,254944538326793] [4,52592196689015E-16] 
[0] [0,418703732256017] [0,779303256347003] [1,0329362542565] [1,14967873181441] [1,12599293708401] [0,985034321516759] [0,767252342862685] [0,514504744042904] [0,255491927779154] [4,54469112481384E-16] 
[0] [0,412862994087601] [0,768542686208132] [1,01915589442574] [1,13554213595299] [1,11420474897967] [0,977347907227186] [0,763803949776553] [0,513946804646447] [0,255892101135026] [4,56018361440193E-16] 
[0] [0,407113966762463] [0,757972702923978] [1,00564441290158] [1,12167961890272] [1,10259435844777] [0,969674654060471] [0,760217549391136] [0,513191459449662] [0,256153637082481] [4,57259723489124E-16] 
[0] [0,401457507772499] [0,747591351596544] [0,992394414004216] [1,10808080073641] [1,09115474746767] [0,962015923499379] [0,756502510282949] [0,512250757994674] [0,256284669046993] [4,58211883112493E-16] 
[0] [0,395894088971336] [0,737396398539826] [0,979398752408587] [1,09473595636095] [1,07987941502813] [0,954373037519036] [0,752667654366107] [0,511136077162789] [0,256292902775224] [4,58892478125132E-16] 
[0] [0,390423848057503] [0,72738537538189] [0,966650520132052] [1,08163595914454] [1,06876233396448] [0,946747284144555] [0,748721296352622] [0,509858158859226] [0,256185634462695] [4,59318148986479E-16] 
[0] [0,385046633898937] [0,717555617978524] [0,954143034985019] [1,06877223045772] [1,05779791145676] [0,939139921399377] [0,744671279489456] [0,508427145925738] [0,255969769118779] [4,59504588002215E-16] 
[0] [0,37976204644633] [0,707904300732297] [0,941869830250242] [1,05613669442453] [1,04698095287781] [0,931552179982274] [0,740525007998754] [0,50685261627895] [0,255651838924853] [4,59466587897754E-16] 
[0] [0,374569471888132] [0,698428466840197] [0,929824645394669] [1,0437217372708] [1,03630662870652] [0,923985264951241] [0,736289476593308] [0,505143615292716] [0,255238021393326] [4,59218089364963E-16] 
[0] [0,369468113617811] [0,689125054931183] [0,918001417649829] [1,03152017073528] [1,02577044424587] [0,916440356642616] [0,731971297392206] [0,503308686458513] [0,254734157178357] [4,58772227280192E-16] 
[0] [0,364457019512578] [0,679990922500975] [0,906394274323822] [1,01952519907677] [1,01536821190747] [0,908918611011918] [0,727576724520875] [0,501355900369864] [0,254145767424646] [4,58141375371414E-16] 
[0] [0,359535105960701] [0,671022866504001] [0,894997525730752] [1,00773038926919] [1,00509602584449] [0,901421159548069] [0,723111676644414] [0,499292882085615] [0,253478070569972] [4,57337189177384E-16] 
[0] [0,354701179020565] [0,66221764142091] [0,883805658642653] [0,996129644027648] [0,994950238733399] [0,893949108883567] [0,718581757652488] [0,497126836933161] [0,252735998541177] [4,56370647194898E-16] 
[0] [0,349953953047596] [0,653571975083579] [0,872813330184988] [0,984717177352277] [0,984927440522052] [0,886503540199005] [0,713992275687492] [0,494864574816952] [0,251924212302833] [4,55252090153078E-16] 
[0] [0,345292067084249] [0,645082582507485] [0,862015362110331] [0,973487492315198] [0,975024438977005] [0,879085508500291] [0,709348260684625] [0,492512533100124] [0,251047116733702] [4,53991258388069E-16] 
[0] [0,340714099272534] [0,636746177953081] [0,851406735396108] [0,962435360849158] [0,965238241877188] [0,871696041830295] [0,704654480572419] [0,490076798128352] [0,250108874818804] [4,52597327318851E-16] 
[0] [0,33621857951737] [0,628559485412983] [0,840982585121705] [0,951555805325335] [0,955566040714105] [0,864336140462995] [0,699915456264875] [0,48756312546513] [0,249113421155104] [4,51078941046325E-16] 
[0] [0,33180400060186] [0,6205192476998] [0,830738195588114] [0,940844081733061] [0,946005195770562] [0,857006776116921] [0,695135475561074] [0,48497695890704] [0,248064474776766] [4,49444244114401E-16] 
[0] [0,327468827931728] [0,612622234290138] [0,820668995649816] [0,930295664296198] [0,936553222460829] [0,849708891215504] [0,690318606054943] [0,482323448346207] [0,246965551312202] [4,47700911484377E-16] 
[0] [0,323211508065347] [0,604865248063113] [0,810770554234054] [0,919906231380094] [0,927207778825086] [0,842443398214413] [0,685468707146207] [0,479607466545371] [0,245819974489829] [4,45856176783122E-16] 
[0] [0,319030476167504] [0,597245131056649] [0,801038576027115] [0,909671652559833] [0,917966654080105] [0,835211179009922] [0,680589441233499] [0,476833624888783] [0,244630887013006] [4,43916858892159E-16] 
[0] [0,314924162509025] [0,589758769351332] [0,791468897310976] [0,899587976735179] [0,908827758136465] [0,828013084437438] [0,67568428416168] [0,474006288169748] [0,243401260827166] [4,4188938694905E-16] 
[0] [0,310890998120342] [0,582403097179759] [0,78205748193672] [0,889651421190466] [0,899789112000211] [0,820849933865425] [0,670756534987694] [0,471129588472987] [0,24213390680386] [4,39779823835092E-16] 
[0] [0,306929419694693] [0,575175100348727] [0,772800417423625] [0,879858361508968] [0,890848838983842] [0,813722514886896] [0,665809325122442] [0,468207438207339] [0,240831483867532] [4,37593888224466E-16] 
[0] [0,303037873825778] [0,568071819052222] [0,763693911174893] [0,870205322261203] [0,882005156657915] [0,806631583108212] [0,660845626900174] [0,465243542341505] [0,239496507591375] [4,35336975270021E-16] 
[0] [0,299214820655127] [0,561090350144832] [0,75473428680265] [0,860688968395336] [0,873256369480365] [0,799577862033108] [0,65586826162161] [0,462241409892825] [0,238131358288769] [4,33014176000011E-16] 
[0] [0,295458736995967] [0,554227848937785] [0,745917980556189] [0,851306097265492] [0,86460086204601] [0,792562043038458] [0,650879907112362] [0,459204364716314] [0,236738288626575] [4,30630295498554E-16] 
[0] [0,291768118992928] [0,547481530573161] [0,737241537848537] [0,842053631240608] [0,856037092903585] [0,785584785437278] [0,645883104834097] [0,456135555638504] [0,235319430786121] [4,28189869940554E-16] 
[0] [0,288141484370357] [0,540848671025978] [0,728701609877274] [0,832928610842375] [0,847563588892134] [0,778646716623754] [0,64088026658228] [0,453037965978045] [0,233876803197063] [4,25697182549347E-16] 
[0] [0,284577374316143] [0,534326607778522] [0,720294950336252] [0,823928188366131] [0,839178939952668] [0,771748432294619] [0,635873680801063] [0,449914422492473] [0,232412316868503] [4,23156278542672E-16] 
[0] [0,281074355042848] [0,527912740206648] [0,712018412215362] [0,815049621943238] [0,830881794374763] [0,764890496740917] [0,630865518543081] [0,446767603788166] [0,230927781340833] [4,2057097912966E-16] 
[0] [0,277631019063321] [0,521604529713522] [0,703868944685993] [0,806290270007625] [0,822670854441183] [0,758073443204079] [0,625857839099329] [0,443600048228154] [0,229424910280818] [4,17944894618537E-16] 
[0] [0,274245986213956] [0,515399499642548] [0,695843590070064] [0,797647586132837] [0,814544872436768] [0,751297774290263] [0,620852595322058] [0,44041416137029] [0,227905326741398] [4,15281436691743E-16] 
[0] [0,270917904455121] [0,509295234997846] [0,687939480890845] [0,789119114209256] [0,806502646990658] [0,744563962436967] [0,615851638661583] [0,437212222966138] [0,226370568106648] [4,12583829902085E-16] 
[0] [0,267645450475116] [0,50328938199763] [0,680153837003907] [0,780702483934007] [0,798543019723616] [0,737872450426139] [0,610856723936113] [0,433996393549026] [0,224822090741288] [4,09855122440569E-16] 
[0] [0,264427330121138] [0,497379647483135] [0,672483962806696] [0,772395406588724] [0,790664872174539] [0,73122365193821] [0,605869513852077] [0,430768720637762] [0,223261274363095] [4,07098196223625E-16] 
[0] [0,261262278678247] [0,49156379820334] [0,664927244525329] [0,764195671082635] [0,782867122982509] [0,724617952141739] [0,600891583290969] [0,427531144580826] [0,221689426155543] [4,04315776344574E-16] 
[0] [0,258149061014996] [0,485839659993517] [0,657481147577254] [0,756101140240501] [0,77514872530271] [0,718055708313659] [0,595924423377447] [0,424285504064138] [0,220107784636996] [4,01510439931433E-16] 
[0] [0,255086471612455] [0,480205116863758] [0,650143214008456] [0,748109747316838] [0,767508664436384] [0,711537250485413] [0,590969445342216] [0,421033541303983] [0,218517523301833] [3,98684624450541E-16] 
[0] [0,252073334491507] [0,474658110011798] [0,642911060003934] [0,740219492719463] [0,759945955656704] [0,705062882110578] [0,586027984192196] [0,417776906945205] [0,216919754047918] [3,95840635492924E-16] 
[0] [0,249108503051708] [0,469196636772976] [0,635782373470142] [0,732428440926959] [0,752459642213948] [0,69863288074989] [0,581101302199501] [0,414517164683419] [0,215315530403987] [3,9298065407797E-16] 
[0] [0,246190859833565] [0,463818749518669] [0,628754911688119] [0,724734717585953] [0,745048793504802] [0,692247498769911] [0,576190592219882] [0,411255795628736] [0,213705850569635] [3,90106743506664E-16] 
[0] [0,243319316214827] [0,458522554513359] [0,621826499035999] [0,717136506775345] [0,737712503391886] [0,68590696405185] [0,571296980850513] [0,407994202427275] [0,212091660279799] [3,87220855794517E-16] 
[0] [0,240492812050191] [0,453306210739288] [0,614995024779584] [0,709632048425706] [0,730449888660798] [0,679611480707382] [0,566421531436279] [0,404733713155664] [0,210473855504874] [3,84324837712273E-16] 
[0] [0,23771031526285] [0,448167928696668] [0,608258440929658] [0,702219635883047] [0,723260087603023] [0,673361229798569] [0,561565246933078] [0,401475585002676] [0,208853284996863] [3,81420436460595E-16] 
[0] [0,234970821395352] [0,443105969186485] [0,601614760164691] [0,694897613607063] [0,716142258714083] [0,667156370059261] [0,55672907263603] [0,398221007751185] [0,207230752691286] [3,78509305003107E-16] 
[0] [0,232273353126433] [0,438118642082115] [0,59506205381755] [0,687664374994757] [0,70909557949716] [0,660997038615607] [0,551913898779999] [0,394971107072747] [0,205607019973957] [3,75593007080533E-16] 
